  0.100000000000000E+03	  0.152092315803200E+04	  0.402309682434123E+02	  0.398765941825131E+02	  0.458321216056235E+02	  0.386286161078272E-02	  0.979228318933485E+04	  0.204440249584587E+00	  0.344758361251621E-01	 -0.397113423874010E-04	 -0.300355554380756E-01	  0.971236696739209E+01	 -0.333764482128816E-03	  0.441284851678447E-06	 -0.142694830734625E-03	  0.300355816901293E-01	 -0.397113423829621E-04	 -0.300355688999787E-01	  0.971236696735046E+01	 -0.333764482128714E-03	  0.441284653845688E-06	 -0.142694830735238E-03	  0.300355951520205E-01	
  0.163643438295455E-13	
  0.200000000000000E+03	  0.152111121679453E+04	  0.402608569226612E+02	  0.399055127894644E+02	  0.458481795537016E+02	  0.491626609533709E-02	  0.979287089326094E+04	  0.204277857703106E+00	  0.347901611703231E-01	 -0.100258876575265E-03	 -0.601988032668268E-01	  0.194128857468815E+02	 -0.668941303756536E-03	  0.111409695824272E-05	 -0.359273281526417E-03	  0.601988867554911E-01	 -0.100258876553233E-03	 -0.601988460608461E-01	  0.194128857467488E+02	 -0.668941303756511E-03	  0.111409616601113E-05	 -0.359273281528873E-03	  0.601989295494511E-01	
  0.221276845432524E-13	
  0.300000000000000E+03	  0.152126881091161E+04	  0.402858922596054E+02	  0.399296984979343E+02	  0.458608635129412E+02	  0.567632160936126E-02	  0.979335143035844E+04	  0.204128877302695E+00	  0.350668967952572E-01	 -0.172446185431778E-03	 -0.904679316320417E-01	  0.291044759341012E+02	 -0.100528965734890E-02	  0.191624107610786E-05	 -0.616474140287549E-03	  0.904680959867435E-01	 -0.172446185384666E-03	 -0.904680158453296E-01	  0.291044759338395E+02	 -0.100528965734886E-02	  0.191623929182722E-05	 -0.616474140293094E-03	  0.904681801998784E-01	
  0.476682064009494E-13	
  0.400000000000000E+03	  0.152140945700825E+04	  0.403082382821432E+02	  0.399512064997233E+02	  0.458704821194101E+02	  0.629834144865543E-02	  0.979375288557284E+04	  0.203967082853718E+00	  0.353438640489353E-01	 -0.253510753172199E-03	 -0.120852789384730E+00	  0.387883466442464E+02	 -0.134291962226264E-02	  0.281701867720848E-05	 -0.904136134707552E-03	  0.120853055276944E+00	 -0.253510753176041E-03	 -0.120852925580955E+00	  0.387883466438221E+02	 -0.134291962226371E-02	  0.281701550259044E-05	 -0.904136134717444E-03	  0.120853191472868E+00	
  0.361275274280525E-13	
  0.500000000000000E+03	  0.152153862914640E+04	  0.403287496140212E+02	  0.399709349954128E+02	  0.458790456789711E+02	  0.683537191444286E-02	  0.979411785571563E+04	  0.203814100313171E+00	  0.356027272250091E-01	 -0.341916413475531E-03	 -0.151334170081555E+00	  0.484652458373374E+02	 -0.168161816299301E-02	  0.379935906620442E-05	 -0.121675514828486E-02	  0.151334556334986E+00	 -0.341916413776040E-03	 -0.151334367871255E+00	  0.484652458367198E+02	 -0.168161816299315E-02	  0.379935410389012E-05	 -0.121675514830036E-02	  0.151334754124181E+00	
  0.301432306709877E-12	
  0.600000000000000E+03	  0.152165933781672E+04	  0.403479060020924E+02	  0.399893465688834E+02	  0.458867583687719E+02	  0.731448728845104E-02	  0.979445480897194E+04	  0.203666403099050E+00	  0.358494802031204E-01	 -0.436689870173351E-03	 -0.181908315214894E+00	  0.581357031890034E+02	 -0.202134378733491E-02	  0.485244643722982E-05	 -0.155078105890102E-02	  0.181908839373913E+00	 -0.436689870376994E-03	 -0.181908583548473E+00	  0.581357031881638E+02	 -0.202134378733478E-02	  0.485243928164255E-05	 -0.155078105892325E-02	  0.181909107706719E+00	
  0.204445785197426E-12	
  0.700000000000000E+03	  0.152177348472686E+04	  0.403660228776390E+02	  0.400067061759791E+02	  0.458929033017013E+02	  0.775302702578390E-02	  0.979475512998409E+04	  0.203507262744964E+00	  0.361030593292067E-01	 -0.537204035069805E-03	 -0.212596604794235E+00	  0.678001226614512E+02	 -0.236233427075803E-02	  0.596931218004716E-05	 -0.190369661364639E-02	  0.212597283515598E+00	 -0.537204035079349E-03	 -0.212596952163721E+00	  0.678001226603620E+02	 -0.236233427076191E-02	  0.596930242669817E-05	 -0.190369661367757E-02	  0.212597630883974E+00	
  0.657710357262937E-13	
  0.800000000000000E+03	  0.152188229995349E+04	  0.403832913574734E+02	  0.400232124414626E+02	  0.458978213062126E+02	  0.816019411680575E-02	  0.979502656484021E+04	  0.203339632531409E+00	  0.363612796258867E-01	 -0.642953820943379E-03	 -0.243398010250527E+00	  0.774588272602452E+02	 -0.270457834118093E-02	  0.714434344271399E-05	 -0.227360723370448E-02	  0.243398859454048E+00	 -0.642953820862625E-03	 -0.243398444765665E+00	  0.774588272588799E+02	 -0.270457834118084E-02	  0.714433068772765E-05	 -0.227360723374456E-02	  0.243399293967670E+00	
  0.124115973661304E-12	
  0.900000000000000E+03	  0.152198660372195E+04	  0.403998377505634E+02	  0.400390167794903E+02	  0.459022896385820E+02	  0.854150089480279E-02	  0.979528330019633E+04	  0.203174890290065E+00	  0.366129739440423E-01	 -0.753500320351391E-03	 -0.274295424022762E+00	  0.871120839627383E+02	 -0.304788603232233E-02	  0.837266283216895E-05	 -0.265902613021085E-02	  0.274296458968321E+00	 -0.753500320265599E-03	 -0.274295953452835E+00	  0.871120839610712E+02	 -0.304788603232231E-02	  0.837264667078950E-05	 -0.265902613026173E-02	  0.274296988396396E+00	
  0.913743622577955E-13	
  0.100000000000000E+04	  0.152208706746466E+04	  0.404157708271423E+02	  0.400542170160055E+02	  0.459061767616087E+02	  0.890194214342082E-02	  0.979552430332667E+04	  0.203009208701240E+00	  0.368626342089654E-01	 -0.868536601477093E-03	 -0.305293600674668E+00	  0.967601189611392E+02	 -0.339231028429502E-02	  0.965085949710790E-05	 -0.305874862217971E-02	  0.305294836131782E+00	 -0.868536601641255E-03	 -0.305294232534446E+00	  0.967601189591456E+02	 -0.339231028429508E-02	  0.965083952479156E-05	 -0.305874862224275E-02	  0.305295467989003E+00	
  0.168908136376736E-12	
  0.110000000000000E+04	  0.152218422399247E+04	  0.404311720957974E+02	  0.400688906949304E+02	  0.459094590083898E+02	  0.924496616229870E-02	  0.979575018321286E+04	  0.202840976002563E+00	  0.371123050034982E-01	 -0.987805246982061E-03	 -0.336394411285089E+00	  0.106403127525682E+03	 -0.373787197965528E-02	  0.109760728186461E-04	 -0.347177557649911E-02	  0.336395861602142E+00	 -0.987805246984235E-03	 -0.336395152870855E+00	  0.106403127523338E+03	 -0.373787197965530E-02	  0.109760486218312E-04	 -0.347177557657561E-02	  0.336396603184711E+00	
  0.626569288753433E-14	
  0.120000000000000E+04	  0.152227845891861E+04	  0.404461075466368E+02	  0.400830975676153E+02	  0.459121150834401E+02	  0.957358400518268E-02	  0.979596121392641E+04	  0.202668896531004E+00	  0.373636816449127E-01	 -0.111110225070552E-02	 -0.367603294602659E+00	  0.116041280792238E+03	 -0.408463163007587E-02	  0.123460356969484E-04	 -0.389726226734156E-02	  0.367604973784279E+00	 -0.111110225071281E-02	 -0.367604153032104E+00	  0.116041280789519E+03	 -0.408463163007590E-02	  0.123460068665593E-04	 -0.389726226743290E-02	  0.367605832209803E+00	
  0.123296029534911E-13	
  0.130000000000000E+04	  0.152237009949553E+04	  0.404606271039912E+02	  0.400968893370030E+02	  0.459142028337500E+02	  0.988962521839782E-02	  0.979615891284858E+04	  0.202493194620989E+00	  0.376167427470421E-01	 -0.123823685306599E-02	 -0.398918938764709E+00	  0.125674730578909E+03	 -0.443257472676891E-02	  0.137586282507672E-04	 -0.433448370890940E-02	  0.398920860491985E+00	 -0.123823685302569E-02	 -0.398919920987427E+00	  0.125674730575791E+03	 -0.443257472676976E-02	  0.137585943737555E-04	 -0.433448370901689E-02	  0.398921842709971E+00	
  0.960069453186908E-13	
  0.140000000000000E+04	  0.152245941124651E+04	  0.404747733759100E+02	  0.401103069943714E+02	  0.459157855621866E+02	  0.101948773919470E-01	  0.979634484304530E+04	  0.202314355593338E+00	  0.378712240901967E-01	 -0.136905396186459E-02	 -0.430343396731444E+00	  0.135303612953741E+03	 -0.478172414100592E-02	  0.152121269421337E-04	 -0.478280933130956E-02	  0.430345574415618E+00	 -0.136905396157041E-02	 -0.430344509556309E+00	  0.135303612950201E+03	 -0.478172414100583E-02	  0.152120876019317E-04	 -0.478280933143467E-02	  0.430346687234850E+00	
  0.295615258200339E-12	
  0.150000000000000E+04	  0.152254661664466E+04	  0.404885816824621E+02	  0.401233850550107E+02	  0.459168538623395E+02	  0.104905571262192E-01	  0.979651922036819E+04	  0.202131682404859E+00	  0.381279974716593E-01	 -0.150341785244076E-02	 -0.461878199646692E+00	  0.144928050914026E+03	 -0.513209693880362E-02	  0.167050234545730E-04	 -0.524168479618795E-02	  0.461880646459784E+00	 -0.150341785241965E-02	 -0.461879449757693E+00	  0.144928050910042E+03	 -0.513209693879855E-02	  0.167049782409364E-04	 -0.524168479633124E-02	  0.461881896564163E+00	
  0.425161466510819E-13	
  0.160000000000000E+04	  0.152263191060397E+04	  0.405020821076210E+02	  0.401361525327283E+02	  0.459173925510399E+02	  0.107776780178884E-01	  0.979668216063964E+04	  0.201944460993801E+00	  0.383879310356008E-01	 -0.164121189316313E-02	 -0.493525474649889E+00	  0.154548156461096E+03	 -0.548371680253465E-02	  0.182360216388890E-04	 -0.571061821396593E-02	  0.493528203555659E+00	 -0.164121189332275E-02	 -0.493526868623610E+00	  0.154548156456645E+03	 -0.548371680253503E-02	  0.182359701327591E-04	 -0.571061821413041E-02	  0.493529597521674E+00	
  0.193267725804846E-12	
  0.170000000000000E+04	  0.152271543819673E+04	  0.405152972811671E+02	  0.401486374001227E+02	  0.459175854303572E+02	  0.110569588309253E-01	  0.979683692109612E+04	  0.201755501975429E+00	  0.386482399037921E-01	 -0.178230391530294E-02	 -0.525278493240463E+00	  0.164164032218938E+03	 -0.583650901202042E-02	  0.198036527245802E-04	 -0.618917006465305E-02	  0.525281516968014E+00	 -0.178230391530616E-02	 -0.525280037529744E+00	  0.164164032213997E+03	 -0.583650901202043E-02	  0.198035945031599E-04	 -0.618917006483934E-02	  0.525283061248405E+00	
  0.816401383518075E-14	
  0.180000000000000E+04	  0.152279733956645E+04	  0.405282508143961E+02	  0.401608597492779E+02	  0.459173485899648E+02	  0.113291966844905E-01	  0.979698235249661E+04	  0.201563016712179E+00	  0.389108742479364E-01	 -0.192661158233103E-02	 -0.557142149759150E+00	  0.173775772767673E+03	 -0.619052798822314E-02	  0.214070016565987E-04	 -0.667694393528271E-02	  0.557145480884872E+00	 -0.192661158252139E-02	 -0.557143850737350E+00	  0.173775772762219E+03	 -0.619052798822330E-02	  0.214069363024458E-04	 -0.667694393549225E-02	  0.557147181852904E+00	
  0.224863843674447E-12	
  0.190000000000000E+04	  0.152287773304370E+04	  0.405409610782397E+02	  0.401728393270631E+02	  0.459167491554235E+02	  0.115949882982309E-01	  0.979711977843557E+04	  0.201367885034050E+00	  0.391750186934631E-01	 -0.207404027551862E-02	 -0.589114665369960E+00	  0.183383465677370E+03	 -0.654575400082434E-02	  0.230450169201289E-04	 -0.717358087696827E-02	  0.589118316297350E+00	 -0.207404027557679E-02	 -0.589116529319601E+00	  0.183383465671382E+03	 -0.654575400082054E-02	  0.230449440069174E-04	 -0.717358087720181E-02	  0.589120180235439E+00	
  0.811301934352687E-13	
  0.200000000000000E+04	  0.152295671855413E+04	  0.405534436338829E+02	  0.401845940642909E+02	  0.459158767889145E+02	  0.118548125695268E-01	  0.979725083913107E+04	  0.201171411881236E+00	  0.394394051626008E-01	 -0.222449565359104E-02	 -0.621192108756423E+00	  0.192987192384315E+03	 -0.690214340027926E-02	  0.247166500957656E-04	 -0.767875384744389E-02	  0.621196091715140E+00	 -0.222449565323465E-02	 -0.621194141870213E+00	  0.192987192377771E+03	 -0.690214340027887E-02	  0.247165691963825E-04	 -0.767875384770430E-02	  0.621198124815893E+00	
  0.360245992300318E-12	
  0.210000000000000E+04	  0.152303440152593E+04	  0.405657136654490E+02	  0.401961383920380E+02	  0.459146972959149E+02	  0.121090097173510E-01	  0.979737519024800E+04	  0.200972772430607E+00	  0.397049386923540E-01	 -0.237790683036329E-02	 -0.653375259936076E+00	  0.202587028923398E+03	 -0.725970488305840E-02	  0.264211133882468E-04	 -0.819216321571949E-02	  0.653379587022298E+00	 -0.237790683018532E-02	 -0.653377468335687E+00	  0.202587028916275E+03	 -0.725970488305816E-02	  0.264210240835617E-04	 -0.819216321600750E-02	  0.653381795407283E+00	
  0.182404356300377E-12	
  0.220000000000000E+04	  0.152311085108681E+04	  0.405777846945884E+02	  0.402074851478536E+02	  0.459132346669211E+02	  0.123581194194965E-01	  0.979749330306481E+04	  0.200772192211879E+00	  0.399714679699545E-01	 -0.253420985060502E-02	 -0.685665010501875E+00	  0.212183046528192E+03	 -0.761844838280388E-02	  0.281576960211166E-04	 -0.871353329987130E-02	  0.685669693690850E+00	 -0.253420985067755E-02	 -0.685667400245730E+00	  0.212183046520469E+03	 -0.761844838280402E-02	  0.281575978844280E-04	 -0.871353330018843E-02	  0.685672083418382E+00	
  0.825466683758798E-13	
  0.230000000000000E+04	  0.152318614822421E+04	  0.405896673214717E+02	  0.402186473360815E+02	  0.459115480783345E+02	  0.126022945177850E-01	  0.979760631552805E+04	  0.200570514371993E+00	  0.402381620309047E-01	 -0.269332504055816E-02	 -0.718056492462580E+00	  0.221775312136041E+03	 -0.797831983617096E-02	  0.299255125772168E-04	 -0.924260993846941E-02	  0.718061543579265E+00	 -0.269332504068548E-02	 -0.718059069530340E+00	  0.221775312127697E+03	 -0.797831983617109E-02	  0.299254051778944E-04	 -0.924260993881714E-02	  0.718064120628897E+00	
  0.127856791349837E-12	
  0.240000000000000E+04	  0.152326036514035E+04	  0.406013726629009E+02	  0.402296350619433E+02	  0.459096242381585E+02	  0.128418745741921E-01	  0.979771416389099E+04	  0.200367349169791E+00	  0.405054767227400E-01	 -0.285519960418031E-02	 -0.750550919211217E+00	  0.231363888842714E+03	 -0.833933274869777E-02	  0.317239762869561E-04	 -0.977915720717217E-02	  0.750556349978855E+00	 -0.285519960444345E-02	 -0.750553689528952E+00	  0.231363888833727E+03	 -0.833933274869824E-02	  0.317238591956679E-04	 -0.977915720755200E-02	  0.750559120276547E+00	
  0.290197936792478E-12	
  0.250000000000000E+04	  0.152333355834024E+04	  0.406129101786077E+02	  0.402404580501689E+02	  0.459074792027399E+02	  0.130770997793165E-01	  0.979781719385984E+04	  0.200162830083509E+00	  0.407733186588295E-01	 -0.301977632706494E-02	 -0.783147149363076E+00	  0.240948836267108E+03	 -0.870147446027173E-02	  0.335524512948290E-04	 -0.103229558408854E-01	  0.783152971394847E+00	 -0.301977632712317E-02	 -0.783150118798830E+00	  0.240948836257456E+03	 -0.870147446027172E-02	  0.335523240761266E-04	 -0.103229558412989E-01	  0.783155940808526E+00	
  0.596680797405902E-13	
  0.260000000000000E+04	  0.152340577678404E+04	  0.406242881440096E+02	  0.402511254398535E+02	  0.459051793532174E+02	  0.133083160745536E-01	  0.979791657002217E+04	  0.199957986537043E+00	  0.410406844660881E-01	 -0.318699619852384E-02	 -0.815842635773195E+00	  0.250530210878362E+03	 -0.906471669020472E-02	  0.354102817941097E-04	 -0.108738014644187E-01	  0.815848860568012E+00	 -0.318699619861060E-02	 -0.815845810134847E+00	  0.250530210868024E+03	 -0.906471669020260E-02	  0.354101440177560E-04	 -0.108738014648674E-01	  0.815852034905445E+00	
  0.949047819119191E-13	
  0.270000000000000E+04	  0.152350821585877E+04	  0.406281921177597E+02	  0.402678080604952E+02	  0.462101324122576E+02	  0.129387648469336E-01	  0.980327387933509E+04	  0.205079042433782E+00	  0.357431953880997E-01	 -0.705576353960860E-02	 -0.821074671972506E+00	  0.260105771439088E+03	 -0.912281511932511E-02	  0.783953378355819E-04	 -0.114329172793404E-01	  0.821104987656199E+00	 -0.819347023210949E-02	 -0.814406361361162E+00	  0.260106184217886E+03	 -0.904868860675349E-02	  0.910358320570440E-04	 -0.111587957235443E-01	  0.814447576201177E+00	
  0.159588115478225E-02	
  0.280000000000000E+04	  0.152354748252011E+04	  0.406465976207610E+02	  0.402720233172374E+02	  0.458999384293483E+02	  0.137589264990539E-01	  0.979810172040798E+04	  0.199543750582906E+00	  0.415777458157432E-01	 -0.352919194216902E-02	 -0.881533260196773E+00	  0.269682453482829E+03	 -0.979452370034171E-02	  0.392120815871582E-04	 -0.119958799554822E-01	  0.881540324675461E+00	 -0.352919194217135E-02	 -0.881536861655572E+00	  0.269682453471057E+03	 -0.979452370034157E-02	  0.392119213888953E-04	 -0.119958799560059E-01	  0.881543926105398E+00	
  0.140043877248933E-13	
  0.290000000000000E+04	  0.152361705910156E+04	  0.406575413770930E+02	  0.402822693902900E+02	  0.458971110094670E+02	  0.139785673954849E-01	  0.979818951474899E+04	  0.199336121541656E+00	  0.418456844342828E-01	 -0.370404663128640E-02	 -0.914518858066678E+00	  0.279253421050836E+03	 -0.101609825169558E-01	  0.411547041709510E-04	 -0.125667653339278E-01	  0.914526359227019E+00	 -0.370404663122865E-02	 -0.914522681570882E+00	  0.279253421038315E+03	 -0.101609825169557E-01	  0.411545321076716E-04	 -0.125667653344913E-01	  0.914530182699862E+00	
  0.680845431951273E-13	
  0.300000000000000E+04	  0.152368583204359E+04	  0.406683528047137E+02	  0.402923885801590E+02	  0.458941694135563E+02	  0.141946905588824E-01	  0.979827457142286E+04	  0.199128442462360E+00	  0.421129762266581E-01	 -0.388134679113368E-02	 -0.947596206146279E+00	  0.288821015383458E+03	 -0.105284585245508E-01	  0.431244853501885E-04	 -0.131439998573401E-01	  0.947604155096280E+00	 -0.388134679099233E-02	 -0.947600257297934E+00	  0.288821015370167E+03	 -0.105284585245505E-01	  0.431243009841351E-04	 -0.131439998579450E-01	  0.947608206213951E+00	
  0.196324639605828E-12	
  0.310000000000000E+04	  0.152375384778733E+04	  0.406790376552404E+02	  0.403023864407789E+02	  0.458910885251504E+02	  0.144072918328951E-01	  0.979835659194832E+04	  0.198920185366971E+00	  0.423801778071191E-01	 -0.406105313852464E-02	 -0.980764539876644E+00	  0.298385280838610E+03	 -0.108969432439057E-01	  0.451209885367124E-04	 -0.137274335219498E-01	  0.980772947644886E+00	 -0.406105313848726E-02	 -0.980768824235926E+00	  0.298385280824528E+03	 -0.108969432439062E-01	  0.451207914312107E-04	 -0.137274335225978E-01	  0.980777231967440E+00	
  0.767706620619541E-13	
  0.320000000000000E+04	  0.152382113740391E+04	  0.406896020282077E+02	  0.403122673292513E+02	  0.458878990005200E+02	  0.146167050020828E-01	  0.979843606590227E+04	  0.198711824373216E+00	  0.426468723514652E-01	 -0.424314586076413E-02	 -0.101402730782367E+01	  0.307946259900858E+03	 -0.112664750054291E-01	  0.471439934761621E-04	 -0.143169238130724E-01	  0.101403618539917E+01	 -0.424314586064661E-02	 -0.101403183092936E+01	  0.307946259885964E+03	 -0.112664750054297E-01	  0.471437831882986E-04	 -0.143169238137648E-01	  0.101404070846527E+01	
  0.128344320946660E-12	
  0.330000000000000E+04	  0.152388771744294E+04	  0.407000495997254E+02	  0.403220372871550E+02	  0.458846228884020E+02	  0.148229347979335E-01	  0.979851338047164E+04	  0.198503653961363E+00	  0.429127453777414E-01	 -0.442756253907205E-02	 -0.104737715395278E+01	  0.317503993296842E+03	 -0.116369720927117E-01	  0.491928065372331E-04	 -0.149123373237915E-01	  0.104738651219704E+01	 -0.442756253907720E-02	 -0.104738192127665E+01	  0.317503993281116E+03	 -0.116369720927115E-01	  0.491925826284785E-04	 -0.149123373245302E-01	  0.104739127947831E+01	
  0.121554437500360E-13	
  0.340000000000000E+04	  0.152395362908322E+04	  0.407103846936665E+02	  0.403317010006091E+02	  0.458812386529316E+02	  0.150258858287737E-01	  0.979858829779190E+04	  0.198295222557743E+00	  0.431782616754319E-01	 -0.461426039116710E-02	 -0.108081170473625E+01	  0.327058520138988E+03	 -0.120084081480519E-01	  0.512669522690317E-04	 -0.155135465987436E-01	  0.108082155441767E+01	 -0.461426114735115E-02	 -0.108081660592941E+01	  0.327058520122641E+03	 -0.120084068617221E-01	  0.512667226980489E-04	 -0.155135463108369E-01	  0.108082645556939E+01	
  0.164717692254023E-08	
  0.350000000000000E+04	  0.152401890040779E+04	  0.407206121192128E+02	  0.403412621304144E+02	  0.458777756432205E+02	  0.152259547315722E-01	  0.979866137730015E+04	  0.198086990878914E+00	  0.434430002454727E-01	 -0.480322325416699E-02	 -0.111433266945779E+01	  0.336609878045384E+03	 -0.123808021754697E-01	  0.533662509808612E-04	 -0.161204304050636E-01	  0.111434302132447E+01	 -0.480322325426256E-02	 -0.111433794147517E+01	  0.336609878027931E+03	 -0.123808021754699E-01	  0.533659985021396E-04	 -0.161204304058995E-01	  0.111434829329288E+01	
  0.103281288748827E-12	
  0.360000000000000E+04	  0.152408354685363E+04	  0.407307341689155E+02	  0.403507261967447E+02	  0.458742882809347E+02	  0.154229269472720E-01	  0.979873344266543E+04	  0.197879832710312E+00	  0.437060500414375E-01	 -0.499437102614669E-02	 -0.114792926441462E+01	  0.346158103195902E+03	 -0.127540343750676E-01	  0.554898125903249E-04	 -0.167328739624771E-01	  0.114794012903175E+01	 -0.499437102610920E-02	 -0.114793479680053E+01	  0.346158103177555E+03	 -0.127540343750675E-01	  0.554895451609056E-04	 -0.167328739633640E-01	  0.114794566136530E+01	
  0.475577591020219E-13	
  0.370000000000000E+04	  0.152414758763564E+04	  0.407407556899780E+02	  0.403600957177752E+02	  0.458707266320021E+02	  0.156170016922015E-01	  0.979880371453005E+04	  0.197672829479569E+00	  0.439683874250257E-01	 -0.518770078221174E-02	 -0.118160664557734E+01	  0.355703230484638E+03	 -0.131281620445828E-01	  0.576376044960443E-04	 -0.173507669341421E-01	  0.118161803350827E+01	 -0.518770078202640E-02	 -0.118161244364592E+01	  0.355703230465378E+03	 -0.131281620445825E-01	  0.576373216713163E-04	 -0.173507669350817E-01	  0.118162383152097E+01	
  0.257979504606127E-12	
  0.380000000000000E+04	  0.152421104738472E+04	  0.407506797778499E+02	  0.403693744965496E+02	  0.458670925039906E+02	  0.158081086264871E-01	  0.979887226312497E+04	  0.197465954484377E+00	  0.442300424210345E-01	 -0.538317080666769E-02	 -0.121536112146503E+01	  0.365245293556718E+03	 -0.135031441816685E-01	  0.598091631147130E-04	 -0.179740044884962E-01	  0.121537304318332E+01	 -0.538317080666273E-02	 -0.121536719048329E+01	  0.365245293536523E+03	 -0.135031441816688E-01	  0.598088644535583E-04	 -0.179740044894900E-01	  0.121537911214204E+01	
  0.404622449082977E-13	
  0.390000000000000E+04	  0.152427395282011E+04	  0.407605088190085E+02	  0.403785666299272E+02	  0.458634566537943E+02	  0.159963545832065E-01	  0.979894029360343E+04	  0.197260391013342E+00	  0.444898166915438E-01	 -0.558072446400812E-02	 -0.124918548306986E+01	  0.374784324893485E+03	 -0.138789007029485E-01	  0.620038591035665E-04	 -0.186024867821024E-01	  0.124919794892484E+01	 -0.558072446388789E-02	 -0.124919182824007E+01	  0.374784324872336E+03	 -0.138789007029518E-01	  0.620035441585907E-04	 -0.186024867831520E-01	  0.124920429403173E+01	
  0.138939484502561E-12	
  0.400000000000000E+04	  0.152433631384951E+04	  0.407702470484651E+02	  0.403876739657490E+02	  0.458597936073725E+02	  0.161820735543739E-01	  0.979900739245633E+04	  0.197055661723273E+00	  0.447482440389207E-01	 -0.578036430580399E-02	 -0.128308569286181E+01	  0.384320355905932E+03	 -0.142554978649289E-01	  0.642217207146232E-04	 -0.192361174536612E-01	  0.128309871320884E+01	 -0.578036430585921E-02	 -0.128309231938753E+01	  0.384320355883809E+03	 -0.142554978649301E-01	  0.642213890423938E-04	 -0.192361174547684E-01	  0.128310533966732E+01	
  0.175477633310960E-12	
  0.410000000000000E+04	  0.152439815498097E+04	  0.407798958971670E+02	  0.403967008256360E+02	  0.458561193156802E+02	  0.163648655179033E-01	  0.979907383600116E+04	  0.196851980990259E+00	  0.450050723625295E-01	 -0.598201637786059E-02	 -0.131705036597705E+01	  0.393853416953422E+03	 -0.146328091888539E-01	  0.664619261974057E-04	 -0.198748051027395E-01	  0.131706395100626E+01	 -0.598201637789515E-02	 -0.131705727897659E+01	  0.393853416930305E+03	 -0.146328091888537E-01	  0.664615773509523E-04	 -0.198748051039060E-01	  0.131707086393450E+01	
  0.111160331145665E-12	
  0.420000000000000E+04	  0.152445949263189E+04	  0.407894587686097E+02	  0.404056492175494E+02	  0.458524347204386E+02	  0.165450192678270E-01	  0.979913968035992E+04	  0.196649334335381E+00	  0.452603531134041E-01	 -0.618567056022592E-02	 -0.135108224272298E+01	  0.403383537447810E+03	 -0.150108651313240E-01	  0.687243630256125E-04	 -0.205184613946209E-01	  0.135109640260110E+01	 -0.618567056023465E-02	 -0.135108944730160E+01	  0.403383537423679E+03	 -0.150108651313237E-01	  0.687239965584270E-04	 -0.205184613958484E-01	  0.135110360710421E+01	
  0.232448287905747E-13	
  0.430000000000000E+04	  0.152452032710729E+04	  0.407989382176364E+02	  0.404145217058507E+02	  0.458487418427827E+02	  0.167225463139095E-01	  0.979920491552786E+04	  0.196447717350651E+00	  0.455141028221395E-01	 -0.639129692034503E-02	 -0.138517946352177E+01	  0.412910745879592E+03	 -0.153896450423518E-01	  0.710086985510959E-04	 -0.211670015870638E-01	  0.138519420834725E+01	 -0.639129692076989E-02	 -0.138518696474870E+01	  0.412910745854428E+03	 -0.153896450423519E-01	  0.710083140211834E-04	 -0.211670015883537E-01	  0.138520170949434E+01	
  0.428959060869143E-12	
  0.440000000000000E+04	  0.152458067924616E+04	  0.408083363721181E+02	  0.404233210092157E+02	  0.458450790983523E+02	  0.168975943562244E-01	  0.979927018814661E+04	  0.196247764816370E+00	  0.457656878195340E-01	 -0.659885634722299E-02	 -0.141933802156722E+01	  0.422435069870812E+03	 -0.157691044156664E-01	  0.733144981548812E-04	 -0.218203447065301E-01	  0.141935336134855E+01	 -0.659885634720699E-02	 -0.141934582446434E+01	  0.422435069844595E+03	 -0.157691044156667E-01	  0.733140951060068E-04	 -0.218203447078843E-01	  0.141936116416134E+01	
  0.177180881073272E-13	
  0.450000000000000E+04	  0.152464057897439E+04	  0.408176551797261E+02	  0.404320497726147E+02	  0.458414398788210E+02	  0.170700373173113E-01	  0.979933547371054E+04	  0.196049319651579E+00	  0.460152626445455E-01	 -0.680830721590865E-02	 -0.145355331120922E+01	  0.431956536222938E+03	 -0.161491920918866E-01	  0.756412992921598E-04	 -0.224784127925973E-01	  0.145356925585760E+01	 -0.680830721609297E-02	 -0.145356142074752E+01	  0.431956536195649E+03	 -0.161491920918870E-01	  0.756408772852009E-04	 -0.224784127940173E-01	  0.145357736530695E+01	
  0.197275779801063E-12	
  0.460000000000000E+04	  0.152470002464015E+04	  0.408268974781672E+02	  0.404407095069351E+02	  0.458377966988879E+02	  0.172399913955368E-01	  0.979940026529409E+04	  0.195851874400076E+00	  0.462633691898170E-01	 -0.701964364574352E-02	 -0.148782829247712E+01	  0.441475170971177E+03	 -0.165299409674164E-01	  0.779890365461809E-04	 -0.231411302900357E-01	  0.148784485188890E+01	 -0.701964364537491E-02	 -0.148783671361892E+01	  0.441475170942797E+03	 -0.165299409674161E-01	  0.779885951248711E-04	 -0.231411302915234E-01	  0.148785327293697E+01	
  0.437303890201425E-12	
  0.470000000000000E+04	  0.152475903177436E+04	  0.408360649938447E+02	  0.404493026240248E+02	  0.458341718379262E+02	  0.174074749246260E-01	  0.979946494152057E+04	  0.195655784144570E+00	  0.465096498671949E-01	 -0.723282556987789E-02	 -0.152215844582280E+01	  0.450990999401437E+03	 -0.169113008391660E-01	  0.803572646888932E-04	 -0.238084249240544E-01	  0.152217562979947E+01	 -0.723282556987797E-02	 -0.152216718348095E+01	  0.450990999371946E+03	 -0.169113008391660E-01	  0.803568034161012E-04	 -0.238084249256112E-01	  0.152218436735898E+01	
  0.449646238306479E-13	
  0.480000000000000E+04	  0.152481762977619E+04	  0.408451596567672E+02	  0.404578311263101E+02	  0.458305610938167E+02	  0.175724694736298E-01	  0.979952955497688E+04	  0.195460943919367E+00	  0.467542159479647E-01	 -0.744782370419295E-02	 -0.155654148689658E+01	  0.460504046101056E+03	 -0.172932463374487E-01	  0.827456582935624E-04	 -0.244802268266050E-01	  0.155655930516899E+01	 -0.744782370594751E-02	 -0.155655054594616E+01	  0.460504046070436E+03	 -0.172932463374438E-01	  0.827451767372664E-04	 -0.244802268282325E-01	  0.155656836411487E+01	
  0.223162138086329E-11	
  0.490000000000000E+04	  0.152487581782535E+04	  0.408541833735468E+02	  0.404662968497629E+02	  0.458269605956511E+02	  0.177349829631630E-01	  0.979959397555113E+04	  0.195267257166430E+00	  0.469971749639688E-01	 -0.766461187013675E-02	 -0.159097569350521E+01	  0.470014334990212E+03	 -0.176757583380962E-01	  0.851539264395412E-04	 -0.251564685536148E-01	  0.159099415574021E+01	 -0.766461187051208E-02	 -0.159098507878902E+01	  0.470014334958443E+03	 -0.176757583380971E-01	  0.851534241173402E-04	 -0.251564685553151E-01	  0.159100354091512E+01	
  0.395402195551253E-12	
  0.500000000000000E+04	  0.152493360704559E+04	  0.408631381554720E+02	  0.404747013475860E+02	  0.458233762803732E+02	  0.178951533538440E-01	  0.979965831697981E+04	  0.195074804367471E+00	  0.472384627280120E-01	 -0.788317231175039E-02	 -0.162546098773530E+01	  0.479521889355110E+03	 -0.180588359847447E-01	  0.875818717837872E-04	 -0.258370849272649E-01	  0.162548010355560E+01	 -0.788317231220293E-02	 -0.162547070407096E+01	  0.479521889322174E+03	 -0.180588359847448E-01	  0.875813482636219E-04	 -0.258370849290395E-01	  0.162548981977700E+01	
  0.479252998829210E-12	
  0.510000000000000E+04	  0.152499100385663E+04	  0.408720254066482E+02	  0.404830466197994E+02	  0.458198227026601E+02	  0.180529669126585E-01	  0.979972278427011E+04	  0.194883810860276E+00	  0.474778518163141E-01	 -0.810346676381213E-02	 -0.165999294514407E+01	  0.489026731868522E+03	 -0.184424301310133E-01	  0.900290691281363E-04	 -0.265220132248148E-01	  0.166001272407824E+01	 -0.810346676372045E-02	 -0.166000299730058E+01	  0.489026731834400E+03	 -0.184424301310121E-01	  0.900285239556305E-04	 -0.265220132266654E-01	  0.166002277611498E+01	
  0.156018522815537E-12	
  0.520000000000000E+04	  0.152504801745021E+04	  0.408808473661988E+02	  0.404913336696404E+02	  0.458162971417320E+02	  0.182086625573528E-01	  0.979978735671187E+04	  0.194694213113166E+00	  0.477154349380138E-01	 -0.832549505455403E-02	 -0.169457491251606E+01	  0.498528884635398E+03	 -0.188265779684471E-01	  0.924955164937254E-04	 -0.272111923351894E-01	  0.169459536409041E+01	 -0.832549505426370E-02	 -0.169458530526137E+01	  0.498528884600072E+03	 -0.188265779684566E-01	  0.924949492235330E-04	 -0.272111923371174E-01	  0.169460575671029E+01	
  0.124472184180608E-11	
  0.530000000000000E+04	  0.152510464832913E+04	  0.408896057108592E+02	  0.404995639225795E+02	  0.458128149821645E+02	  0.183623983734090E-01	  0.979985223158748E+04	  0.194506259862584E+00	  0.479509758225996E-01	 -0.854923854043485E-02	 -0.172920628089154E+01	  0.508028369201172E+03	 -0.192112727400107E-01	  0.949810066818781E-04	 -0.279045633925913E-01	  0.172922741458559E+01	 -0.854923854074378E-02	 -0.172921701896584E+01	  0.508028369164622E+03	 -0.192112727400115E-01	  0.949804168732226E-04	 -0.279045633945989E-01	  0.172923815252866E+01	
  0.314725623381090E-12	
  0.540000000000000E+04	  0.152516091517831E+04	  0.408983019176386E+02	  0.405077388696731E+02	  0.458093694391185E+02	  0.185141486904413E-01	  0.979991736690990E+04	  0.194319808541869E+00	  0.481846227935010E-01	 -0.877467349569571E-02	 -0.176388532595521E+01	  0.517525206580131E+03	 -0.195964952970362E-01	  0.974852760330723E-04	 -0.286020693802787E-01	  0.176390715118882E+01	 -0.877467349569505E-02	 -0.176389641406966E+01	  0.517525206542339E+03	 -0.195964952970360E-01	  0.974846632261612E-04	 -0.286020693823674E-01	  0.176391823916608E+01	
  0.475124844118760E-13	
  0.550000000000000E+04	  0.152521682368391E+04	  0.409069379370035E+02	  0.405158593970054E+02	  0.458059534931680E+02	  0.186640972187339E-01	  0.979998265487442E+04	  0.194134721763160E+00	  0.484165386501894E-01	 -0.900180122537944E-02	 -0.179861527822099E+01	  0.527019417287200E+03	 -0.199822815380411E-01	  0.100008338977822E-03	 -0.293036547887783E-01	  0.179863780441624E+01	 -0.900180122533858E-02	 -0.179862672108635E+01	  0.527019417248148E+03	 -0.199822815380409E-01	  0.100007702724195E-03	 -0.293036547909497E-01	  0.179864924713829E+01	
  0.654218139750941E-13	
  0.560000000000000E+04	  0.152527238408432E+04	  0.409155146241493E+02	  0.405239273753941E+02	  0.458025707244729E+02	  0.188120809292213E-01	  0.980004815196089E+04	  0.193951033631865E+00	  0.486466777102117E-01	 -0.923057682979450E-02	 -0.183338998191569E+01	  0.536511021337707E+03	 -0.203685630812621E-01	  0.102549696621366E-03	 -0.300092663494541E-01	  0.183341321838188E+01	 -0.923057683033410E-02	 -0.183340178418411E+01	  0.536511021297376E+03	 -0.203685630812632E-01	  0.102549036477989E-03	 -0.300092663517100E-01	  0.183342502050073E+01	
  0.562438173691275E-12	
  0.570000000000000E+04	  0.152532759913055E+04	  0.409240329808200E+02	  0.405319444151532E+02	  0.457992112371128E+02	  0.189579303705418E-01	  0.980011366252236E+04	  0.193768545046178E+00	  0.488752349054513E-01	 -0.946096322498656E-02	 -0.186820488393964E+01	  0.546000038283881E+03	 -0.207552893507805E-01	  0.105108936905035E-03	 -0.307188522682124E-01	  0.186822883989116E+01	 -0.946096322445598E-02	 -0.186821705021388E+01	  0.546000038242252E+03	 -0.207552893507843E-01	  0.105108252404737E-03	 -0.307188522705544E-01	  0.186824100600939E+01	
  0.558909342464506E-12	
  0.580000000000000E+04	  0.152538247521000E+04	  0.409324954803318E+02	  0.405399105362990E+02	  0.457958983678123E+02	  0.191022925871288E-01	  0.980017959195365E+04	  0.193587666266694E+00	  0.491018488819060E-01	 -0.969299762232280E-02	 -0.190307007212360E+01	  0.555486487253419E+03	 -0.211425724276280E-01	  0.107686473174423E-03	 -0.314323616232518E-01	  0.190309475686720E+01	 -0.969299762167880E-02	 -0.190308260705178E+01	  0.555486487210475E+03	 -0.211425724276269E-01	  0.107685763874770E-03	 -0.314323616256820E-01	  0.190310729163279E+01	
  0.649663102001104E-12	
  0.590000000000000E+04	  0.152543701602183E+04	  0.409409029480086E+02	  0.405478273207305E+02	  0.457926179676786E+02	  0.192449447298304E-01	  0.980024568417293E+04	  0.193408123771720E+00	  0.493267857664279E-01	 -0.992664214006213E-02	 -0.193798062047754E+01	  0.564970386922599E+03	 -0.215303575924793E-01	  0.110281884508962E-03	 -0.321497456190775E-01	  0.193800604322347E+01	 -0.992664213939805E-02	 -0.193799352865869E+01	  0.564970386878321E+03	 -0.215303575924778E-01	  0.110281149959113E-03	 -0.321497456215972E-01	  0.193801895123529E+01	
  0.707600458549577E-12	
  0.600000000000000E+04	  0.152549124231604E+04	  0.409492565752143E+02	  0.405556958866892E+02	  0.457893746732497E+02	  0.193859443265977E-01	  0.980031210439538E+04	  0.193229981815856E+00	  0.495499867625386E-01	 -0.101618788317206E-01	 -0.197293551153830E+01	  0.574451755561543E+03	 -0.219186335487983E-01	  0.112894971466202E-03	 -0.328709567262759E-01	  0.197296168145007E+01	 -0.101618788319339E-01	 -0.197294879754642E+01	  0.574451755515912E+03	 -0.219186335487987E-01	  0.112894211224057E-03	 -0.328709567288869E-01	  0.197297496728196E+01	
  0.259018343137562E-12	
  0.610000000000000E+04	  0.152554515815600E+04	  0.409575573434309E+02	  0.405635174748056E+02	  0.457861697558257E+02	  0.195252600785484E-01	  0.980037885331583E+04	  0.193053243544561E+00	  0.497714495982013E-01	 -0.103986814099155E-01	 -0.200793205854568E+01	  0.583930611041660E+03	 -0.223073704547014E-01	  0.115525441941205E-03	 -0.335959488321527E-01	  0.200795898471820E+01	 -0.103986814100277E-01	 -0.200794572691836E+01	  0.583930610994659E+03	 -0.223073704547011E-01	  0.115524655544304E-03	 -0.335959488348568E-01	  0.200797265290760E+01	
  0.183352565233038E-12	
  0.620000000000000E+04	  0.152559876710956E+04	  0.409658067648881E+02	  0.405712927059697E+02	  0.457830152941332E+02	  0.196631634849880E-01	  0.980044611767169E+04	  0.192878111808878E+00	  0.499909922750701E-01	 -0.106370541550789E-01	 -0.204297344657369E+01	  0.593406970862069E+03	 -0.226966037021232E-01	  0.118173343427810E-03	 -0.343246768230419E-01	  0.204300113811184E+01	 -0.106370541549591E-01	 -0.204298750185313E+01	  0.593406970813680E+03	 -0.226966037021245E-01	  0.118172530421334E-03	 -0.343246768258408E-01	  0.204301519320077E+01	
  0.173845964977060E-12	
  0.630000000000000E+04	  0.152565207107231E+04	  0.409740054678095E+02	  0.405790230127211E+02	  0.457799048453394E+02	  0.197994630651550E-01	  0.980051375639014E+04	  0.192704451041577E+00	  0.502087414367343E-01	 -0.108769570356438E-01	 -0.207805423407812E+01	  0.602880852141802E+03	 -0.230862728444532E-01	  0.120838231131954E-03	 -0.350570972090178E-01	  0.207808269998197E+01	 -0.108769570357001E-01	 -0.207806868075193E+01	  0.602880852092006E+03	 -0.230862728444567E-01	  0.120837391068683E-03	 -0.350570972119133E-01	  0.207809714645789E+01	
  0.891309357341331E-13	
  0.640000000000000E+04	  0.152570507537467E+04	  0.409821552524110E+02	  0.405867085698032E+02	  0.457768404544417E+02	  0.199345187950476E-01	  0.980058182540572E+04	  0.192532294355247E+00	  0.504246970367973E-01	 -0.111184164745131E-01	 -0.211318169773742E+01	  0.612352271665652E+03	 -0.234764587290574E-01	  0.123520398542091E-03	 -0.357931669840628E-01	  0.211321094707493E+01	 -0.111184164744864E-01	 -0.211319654032644E+01	  0.612352271614432E+03	 -0.234764587290573E-01	  0.123519530963945E-03	 -0.357931669870568E-01	  0.211322578945850E+01	
  0.575455773293291E-13	
  0.650000000000000E+04	  0.152575779549672E+04	  0.409902566948764E+02	  0.405943507146920E+02	  0.457738059480590E+02	  0.200680828779107E-01	  0.980065012423412E+04	  0.192361336440151E+00	  0.506391545882992E-01	 -0.113613945577751E-01	 -0.214835069959651E+01	  0.621821245858728E+03	 -0.238671042818421E-01	  0.126219424393093E-03	 -0.365328448780666E-01	  0.214838074133593E+01	 -0.113613945580226E-01	 -0.214836594257069E+01	  0.621821245806064E+03	 -0.238671042818424E-01	  0.126218528850357E-03	 -0.365328448811607E-01	  0.214839598409696E+01	
  0.275102132140318E-12	
  0.660000000000000E+04	  0.152581022959427E+04	  0.409983102881601E+02	  0.406019508006754E+02	  0.457708112298928E+02	  0.202000519094042E-01	  0.980071874597183E+04	  0.192191730646065E+00	  0.508519506998677E-01	 -0.116058489533918E-01	 -0.218355530416305E+01	  0.631287790816150E+03	 -0.242581435689485E-01	  0.128934838341007E-03	 -0.372760908809186E-01	  0.218358614715987E+01	 -0.116058489529037E-01	 -0.218357095193336E+01	  0.631287790762026E+03	 -0.242581435689476E-01	  0.128933914370762E-03	 -0.372760908841148E-01	  0.218360179470916E+01	
  0.504206508655061E-12	
  0.670000000000000E+04	  0.152586237770777E+04	  0.410063179215078E+02	  0.406095087079561E+02	  0.457678570354913E+02	  0.203308593402772E-01	  0.980078770246793E+04	  0.192023491579910E+00	  0.510631104608976E-01	 -0.118518208942126E-01	 -0.221880533617636E+01	  0.640751922339848E+03	 -0.246496857444209E-01	  0.131667098405734E-03	 -0.380228650499482E-01	  0.221883698939404E+01	 -0.118518208950068E-01	 -0.221882139320839E+01	  0.640751922284245E+03	 -0.246496857444212E-01	  0.131666145574091E-03	 -0.380228650532478E-01	  0.221885304619701E+01	
  0.833491679781992E-12	
  0.680000000000000E+04	  0.152591424833247E+04	  0.410142802526232E+02	  0.406170254973598E+02	  0.457649324321169E+02	  0.204603616976413E-01	  0.980085684052006E+04	  0.191856410436682E+00	  0.512728392786549E-01	 -0.120992832518313E-01	 -0.225409759658671E+01	  0.650213655905564E+03	 -0.250416952743335E-01	  0.134415903148563E-03	 -0.387731291227853E-01	  0.225413006891643E+01	 -0.120992832522026E-01	 -0.225411406730807E+01	  0.650213655848465E+03	 -0.250416952743342E-01	  0.134414920981062E-03	 -0.387731291261902E-01	  0.225414653940052E+01	
  0.465602517839062E-12	
  0.690000000000000E+04	  0.152596584898628E+04	  0.410221983796446E+02	  0.406245017269248E+02	  0.457620403109019E+02	  0.205887026700370E-01	  0.980092623133555E+04	  0.191690529376646E+00	  0.514811080746676E-01	 -0.123482373372423E-01	 -0.228943418287319E+01	  0.659673006701187E+03	 -0.254341954661432E-01	  0.137181267077790E-03	 -0.395268455507395E-01	  0.228946748320949E+01	 -0.123482373374598E-01	 -0.228945107171227E+01	  0.659673006642573E+03	 -0.254341954661430E-01	  0.137180255120451E-03	 -0.395268455542515E-01	  0.228948437180291E+01	
  0.272005524446856E-12	
  0.700000000000000E+04	  0.152601718196491E+04	  0.410300726743567E+02	  0.406319386316083E+02	  0.457591856875711E+02	  0.207157453169245E-01	  0.980099592219589E+04	  0.191525917554666E+00	  0.516878365931741E-01	 -0.125986416596076E-01	 -0.232480917639081E+01	  0.669129989616252E+03	 -0.258271205729697E-01	  0.139962729200629E-03	 -0.402839781887744E-01	  0.232484331351654E+01	 -0.125986416595358E-01	 -0.232482648771832E+01	  0.669129989556106E+03	 -0.258271205729696E-01	  0.139961686997045E-03	 -0.402839781923954E-01	  0.232486062458986E+01	
  0.145415256048406E-12	
  0.710000000000000E+04	  0.152606825388541E+04	  0.410379038384779E+02	  0.406393370604879E+02	  0.457563617517868E+02	  0.208414221221873E-01	  0.980106581944197E+04	  0.191362441976483E+00	  0.518931586544824E-01	 -0.128504758149102E-01	 -0.236022061227043E+01	  0.678584619269677E+03	 -0.262204487722551E-01	  0.142760062789143E-03	 -0.410444914728038E-01	  0.236025559491231E+01	 -0.128504758143743E-01	 -0.236023835042701E+01	  0.678584619207981E+03	 -0.262204487722490E-01	  0.142758989882893E-03	 -0.410444914765358E-01	  0.236027333280599E+01	
  0.704021350452831E-12	
  0.720000000000000E+04	  0.152611906804582E+04	  0.410456932077868E+02	  0.406466971724409E+02	  0.457535722002985E+02	  0.209660169348683E-01	  0.980113599249476E+04	  0.191200165101358E+00	  0.520970359668479E-01	 -0.131037625553457E-01	 -0.239567442817703E+01	  0.688036910024851E+03	 -0.266142460330849E-01	  0.145573520552403E-03	 -0.418083502693993E-01	  0.239571026512274E+01	 -0.131037625550067E-01	 -0.239569259753519E+01	  0.688036909961587E+03	 -0.266142460330846E-01	  0.145572416493200E-03	 -0.418083502732435E-01	  0.239572843420911E+01	
  0.443287090160643E-12	
  0.730000000000000E+04	  0.152616962652541E+04	  0.410534418384772E+02	  0.406540193600468E+02	  0.457508234337847E+02	  0.210897262137010E-01	  0.980120653590046E+04	  0.191039193366987E+00	  0.522993772898847E-01	 -0.133585104907934E-01	 -0.243117382560453E+01	  0.697486875981878E+03	 -0.270085479268642E-01	  0.148403198085763E-03	 -0.425755204360134E-01	  0.243121052566558E+01	 -0.133585104906919E-01	 -0.243119243054648E+01	  0.697486875917028E+03	 -0.270085479268637E-01	  0.148402062414396E-03	 -0.425755204399720E-01	  0.243122913032668E+01	
  0.102576192194461E-12	
  0.740000000000000E+04	  0.152621994443613E+04	  0.410611495033651E+02	  0.406613052643571E+02	  0.457481085394254E+02	  0.212121144151837E-01	  0.980127738299054E+04	  0.190879379846273E+00	  0.525002991999074E-01	 -0.136146440438133E-01	 -0.246670660503744E+01	  0.706934530966187E+03	 -0.274032189310858E-01	  0.151248255726690E-03	 -0.433459694705872E-01	  0.246674417681846E+01	 -0.136146440440149E-01	 -0.246672564983968E+01	  0.706934530899734E+03	 -0.274032189310864E-01	  0.151247087989376E-03	 -0.433459694746618E-01	  0.246676322133063E+01	
  0.205448986109965E-12	
  0.750000000000000E+04	  0.152627002981557E+04	  0.410688173162156E+02	  0.406685551297481E+02	  0.457454324037830E+02	  0.213334095594261E-01	  0.980134864826258E+04	  0.190720806615541E+00	  0.526997376471212E-01	 -0.138721778338782E-01	 -0.250227706543183E+01	  0.716379888585461E+03	 -0.277983068094249E-01	  0.154108855837073E-03	 -0.441196647015352E-01	  0.250231551757647E+01	 -0.138721778340055E-01	 -0.250229655439003E+01	  0.716379888517387E+03	 -0.277983068094289E-01	  0.154107655572681E-03	 -0.441196647057275E-01	  0.250233500623519E+01	
  0.264322696140009E-12	
  0.760000000000000E+04	  0.152631987363189E+04	  0.410764461827639E+02	  0.406757693683320E+02	  0.457427870942230E+02	  0.214536354683696E-01	  0.980142012095312E+04	  0.190563327830449E+00	  0.528978516404062E-01	 -0.141311153935978E-01	 -0.253788741212470E+01	  0.725822962208505E+03	 -0.281938360665479E-01	  0.156985037610877E-03	 -0.448965739559788E-01	  0.253792675328569E+01	 -0.141311153936765E-01	 -0.253790734953786E+01	  0.725822962138792E+03	 -0.281938360665487E-01	  0.156983804361237E-03	 -0.448965739602909E-01	  0.253794669038981E+01	
  0.149215164856993E-12	
  0.770000000000000E+04	  0.152636949234720E+04	  0.410840366777944E+02	  0.406829486858014E+02	  0.457401683773494E+02	  0.215725915362064E-01	  0.980149175369332E+04	  0.190406858727717E+00	  0.530947270142616E-01	 -0.143914389859698E-01	 -0.257353600569017E+01	  0.735263764969649E+03	 -0.285897884947094E-01	  0.159876603954118E-03	 -0.456766651507005E-01	  0.257357624446990E+01	 -0.143914389860750E-01	 -0.257355639583269E+01	  0.735263764898280E+03	 -0.285897884947097E-01	  0.159875337261951E-03	 -0.456766651551342E-01	  0.257359663429362E+01	
  0.235437877162565E-12	
  0.780000000000000E+04	  0.152641887730663E+04	  0.410915895234570E+02	  0.406900936006608E+02	  0.457375936226553E+02	  0.216906422632277E-01	  0.980156381107832E+04	  0.190251695954361E+00	  0.532900728643558E-01	 -0.146531436811389E-01	 -0.260922333758729E+01	  0.744702309784807E+03	 -0.289861695584866E-01	  0.162783500050673E-03	 -0.464599094156483E-01	  0.260926448257548E+01	 -0.146531436818665E-01	 -0.260924418472508E+01	  0.744702309711764E+03	 -0.289861695584901E-01	  0.162782199463732E-03	 -0.464599094202050E-01	  0.260928532938454E+01	
  0.770283062655590E-12	
  0.790000000000000E+04	  0.152646804075941E+04	  0.410991048865443E+02	  0.406972051547563E+02	  0.457350487616161E+02	  0.218075073767062E-01	  0.980163612115222E+04	  0.190097575940058E+00	  0.534841394567468E-01	 -0.149161847747348E-01	 -0.264494286707029E+01	  0.754138609343811E+03	 -0.293829066008932E-01	  0.165705229226054E-03	 -0.472462773892913E-01	  0.264498492673101E+01	 -0.149161847747332E-01	 -0.264496417540410E+01	  0.754138609269077E+03	 -0.293829066008995E-01	  0.165703894273269E-03	 -0.472462773939731E-01	  0.264500623472598E+01	
  0.410930431254198E-13	
  0.800000000000000E+04	  0.152651697655375E+04	  0.411065839134647E+02	  0.407042833663618E+02	  0.457325520797444E+02	  0.219235698114913E-01	  0.980170891603892E+04	  0.189944819902777E+00	  0.536766289293614E-01	 -0.151805909103092E-01	 -0.268070111333669E+01	  0.763572676147832E+03	 -0.297800720492821E-01	  0.168642109637123E-03	 -0.480357397502848E-01	  0.268074409621377E+01	 -0.151805909104589E-01	 -0.268072288710647E+01	  0.763572676071390E+03	 -0.297800720492843E-01	  0.168640739868544E-03	 -0.480357397550936E-01	  0.268076586963443E+01	
  0.430396384359882E-12	
  0.810000000000000E+04	  0.152656569282524E+04	  0.411140272984015E+02	  0.407113286760522E+02	  0.457300803911542E+02	  0.220387300397870E-01	  0.980178188080776E+04	  0.189793013150244E+00	  0.538679625260852E-01	 -0.154463601048728E-01	 -0.271649906754812E+01	  0.773004522486589E+03	 -0.301776769190243E-01	  0.171594119205970E-03	 -0.488282678384123E-01	  0.271654298217979E+01	 -0.154463601048957E-01	 -0.271652131099118E+01	  0.773004522408421E+03	 -0.301776769190250E-01	  0.171592714157792E-03	 -0.488282678433499E-01	  0.271656522526328E+01	
  0.126618542869480E-12	
  0.820000000000000E+04	  0.152661412112539E+04	  0.411214206590179E+02	  0.407183567015074E+02	  0.457276253914405E+02	  0.221463283212642E-01	  0.980185393487519E+04	  0.189641770036982E+00	  0.540580108501809E-01	 -0.157123159698305E-01	 -0.275213122879189E+01	  0.782434160131190E+03	 -0.305734383038626E-01	  0.174548189377321E-03	 -0.496238468840549E-01	  0.275217608037071E+01	 -0.157123159697863E-01	 -0.275215394443885E+01	  0.782434160051290E+03	 -0.305734383038632E-01	  0.174546748696142E-03	 -0.496238468891223E-01	  0.275219879564749E+01	
  0.558400430342829E-13	
  0.830000000000000E+04	  0.152666231826050E+04	  0.411287756669700E+02	  0.407253567455879E+02	  0.457252051473219E+02	  0.222514592135678E-01	  0.980192607216108E+04	  0.189491572178149E+00	  0.542466806065030E-01	 -0.159792743077011E-01	 -0.278774411239445E+01	  0.791861601208386E+03	 -0.309689838606459E-01	  0.177513382932045E-03	 -0.504224407215123E-01	  0.278778990840367E+01	 -0.159792743078414E-01	 -0.278776730394303E+01	  0.791861601126740E+03	 -0.309689838606463E-01	  0.177511906192617E-03	 -0.504224407267110E-01	  0.278781309957127E+01	
  0.191265698037127E-12	
  0.840000000000000E+04	  0.152671030487611E+04	  0.411360960091384E+02	  0.407323261361598E+02	  0.457228190584347E+02	  0.223554616480766E-01	  0.980199849531055E+04	  0.189342449936791E+00	  0.544340535021584E-01	 -0.162474646468596E-01	 -0.282337964576892E+01	  0.801286857496432E+03	 -0.313647793678608E-01	  0.180492249669486E-03	 -0.512240198343836E-01	  0.282342639433892E+01	 -0.162474646471580E-01	 -0.282340331724631E+01	  0.801286857413024E+03	 -0.313647793678614E-01	  0.180490736421694E-03	 -0.512240198397155E-01	  0.282345006542438E+01	
  0.328219299959524E-12	
  0.850000000000000E+04	  0.152675808879901E+04	  0.411433817260383E+02	  0.407392658508586E+02	  0.457204669002316E+02	  0.224581120821583E-01	  0.980207121401627E+04	  0.189194384281126E+00	  0.546201341873928E-01	 -0.165168354116358E-01	 -0.285903022945319E+01	  0.810709940515301E+03	 -0.317607404090581E-01	  0.183484216600408E-03	 -0.520285584994563E-01	  0.285907793856326E+01	 -0.165168354116533E-01	 -0.285905438480873E+01	  0.810709940430115E+03	 -0.317607404090577E-01	  0.183482666393472E-03	 -0.520285585049234E-01	  0.285910209351574E+01	
  0.748636502714243E-13	
  0.860000000000000E+04	  0.152693892266865E+04	  0.411881402084918E+02	  0.407608083554860E+02	  0.459044246026958E+02	  0.194969103478445E-01	  0.980550209714014E+04	  0.192097834936638E+00	  0.522744283649121E-01	  0.483841071067854E-02	 -0.275570398557039E+01	  0.820074187472503E+03	 -0.306128215055407E-01	 -0.537493882623393E-04	 -0.528414636747395E-01	  0.275570823316017E+01	  0.232544038698036E-02	 -0.335914663940179E+01	  0.820042611510650E+03	 -0.373160843401055E-01	 -0.258328495072487E-04	 -0.521699830483850E-01	  0.335914744431936E+01	
  0.304251016966857E-01	
  0.870000000000000E+04	  0.152685335532467E+04	  0.411578261666009E+02	  0.407530835122718E+02	  0.457159295944850E+02	  0.226485952033899E-01	  0.980221957227236E+04	  0.188902151167957E+00	  0.549867940962934E-01	 -0.170569423403458E-01	 -0.293000705143067E+01	  0.829549631417812E+03	 -0.325490544319197E-01	  0.189483279368540E-03	 -0.536464361886265E-01	  0.293005669923219E+01	 -0.170569423402275E-01	 -0.293003218316439E+01	  0.829549631329045E+03	 -0.325490544319196E-01	  0.189481654114319E-03	 -0.536464361943670E-01	  0.293008183054008E+01	
  0.195557231946991E-12	
  0.880000000000000E+04	  0.152690080447126E+04	  0.411649893092996E+02	  0.407599589041983E+02	  0.457137224034940E+02	  0.227377639796830E-01	  0.980229474395056E+04	  0.188757635014080E+00	  0.551678516190120E-01	 -0.173278817227460E-01	 -0.296537366772747E+01	  0.838966261564352E+03	 -0.329418559980825E-01	  0.192492632774996E-03	 -0.544597231505146E-01	  0.296542429421768E+01	 -0.173278817226308E-01	 -0.296539929223391E+01	  0.838966261473781E+03	 -0.329418559980816E-01	  0.192490969412988E-03	 -0.544597231563941E-01	  0.296544991828666E+01	
  0.201711289916567E-12	
  0.890000000000000E+04	  0.152694805365934E+04	  0.411721198023420E+02	  0.407668064355525E+02	  0.457115395372757E+02	  0.228255059244347E-01	  0.980237001345776E+04	  0.188613978248583E+00	  0.553478264917355E-01	 -0.175998928983998E-01	 -0.300074458842752E+01	  0.848380762834302E+03	 -0.333347037649494E-01	  0.195513879563617E-03	 -0.552758708781517E-01	  0.300079620121179E+01	 -0.175998928986655E-01	 -0.300077070946364E+01	  0.848380762741910E+03	 -0.333347037649498E-01	  0.195512177662093E-03	 -0.552758708841713E-01	  0.300082232179863E+01	
  0.355974252205900E-12	
  0.900000000000000E+04	  0.152699510968733E+04	  0.411792185408069E+02	  0.407736260937214E+02	  0.457093847396700E+02	  0.229120576309320E-01	  0.980244547792734E+04	  0.188471246806481E+00	  0.555266703426859E-01	 -0.178730008996421E-01	 -0.303612545000283E+01	  0.857793145932093E+03	 -0.337276603531467E-01	  0.198547297785094E-03	 -0.560948553169906E-01	  0.303617805675426E+01	 -0.178730008998480E-01	 -0.303615207135897E+01	  0.857793145837868E+03	 -0.337276603531457E-01	  0.198545556900159E-03	 -0.560948553231521E-01	  0.303620467764915E+01	
  0.265129425732093E-12	
  0.910000000000000E+04	  0.152704197371494E+04	  0.411862861993870E+02	  0.407804180656048E+02	  0.457072595604721E+02	  0.229975467232638E-01	  0.980252115898738E+04	  0.188329464980120E+00	  0.557043695397539E-01	 -0.181472144386539E-01	 -0.307151900942795E+01	  0.867203421403210E+03	 -0.341207563949556E-01	  0.201592984190468E-03	 -0.569166530248962E-01	  0.307157261784076E+01	 -0.181472144381284E-01	 -0.307154613490519E+01	  0.867203421307135E+03	 -0.341207563949570E-01	  0.201591203874116E-03	 -0.569166530312022E-01	  0.307159974284458E+01	
  0.542526948548533E-12	
  0.920000000000000E+04	  0.152708865508657E+04	  0.411933232556134E+02	  0.407871827150227E+02	  0.457051647095469E+02	  0.230820106865655E-01	  0.980259711248873E+04	  0.188188639579964E+00	  0.558809206181723E-01	 -0.184225266473681E-01	 -0.310692532215231E+01	  0.876611599638335E+03	 -0.345139925117558E-01	  0.204650862452790E-03	 -0.577412411618819E-01	  0.310697993989651E+01	 -0.184225266467720E-01	 -0.310695295553803E+01	  0.876611599540395E+03	 -0.345139925117559E-01	  0.204649042271773E-03	 -0.577412411683332E-01	  0.310700757279646E+01	
  0.609324692930065E-12	
  0.930000000000000E+04	  0.152713515645045E+04	  0.412003297836468E+02	  0.407939207915653E+02	  0.457030956476723E+02	  0.231652676058634E-01	  0.980267326152141E+04	  0.188048679212701E+00	  0.560564050543297E-01	 -0.186988948227729E-01	 -0.314233837922401E+01	  0.886017690871812E+03	 -0.349073019572028E-01	  0.207720458165838E-03	 -0.585685976657705E-01	  0.314239401383910E+01	 -0.186988948228524E-01	 -0.314236652423884E+01	  0.886017690771993E+03	 -0.349073019572016E-01	  0.207718597691391E-03	 -0.585685976723689E-01	  0.314242215835564E+01	
  0.862963542948566E-13	
  0.940000000000000E+04	  0.152718147718527E+04	  0.412073067934419E+02	  0.408006320802298E+02	  0.457010524519414E+02	  0.232476026492354E-01	  0.980274960794672E+04	  0.187909588444992E+00	  0.562308417994014E-01	 -0.189763629510981E-01	 -0.317776679979792E+01	  0.895421705217788E+03	 -0.353007804844063E-01	  0.210802259930381E-03	 -0.593986999448632E-01	  0.317782345894934E+01	 -0.189763629512375E-01	 -0.317779546022628E+01	  0.895421705116075E+03	 -0.353007804844069E-01	  0.210800358713574E-03	 -0.593986999516103E-01	  0.317785211886671E+01	
  0.297337612661861E-12	
  0.950000000000000E+04	  0.152722761961534E+04	  0.412142546353016E+02	  0.408073170118204E+02	  0.456990297460143E+02	  0.233289630555457E-01	  0.980282607157800E+04	  0.187771266066228E+00	  0.564043324566314E-01	 -0.192549167010358E-01	 -0.321320929693739E+01	  0.904823652635164E+03	 -0.356944138021746E-01	  0.213896108513147E-03	 -0.602315264109498E-01	  0.321326698824453E+01	 -0.192549167008483E-01	 -0.321323847653955E+01	  0.904823652531541E+03	 -0.356944138021787E-01	  0.213894166108309E-03	 -0.602315264178481E-01	  0.321329616732279E+01	
  0.189964078090116E-12	
  0.960000000000000E+04	  0.152727358660857E+04	  0.412211736567021E+02	  0.408139760009556E+02	  0.456970345104552E+02	  0.234093923878935E-01	  0.980290275734984E+04	  0.187633828369405E+00	  0.565767613097146E-01	 -0.195345422781397E-01	 -0.324866466377761E+01	  0.914223542946648E+03	 -0.360881885088613E-01	  0.217001850645945E-03	 -0.610670559709043E-01	  0.324872339481516E+01	 -0.195345422789364E-01	 -0.324869436628967E+01	  0.914223542841101E+03	 -0.360881885088629E-01	  0.216999866626958E-03	 -0.610670559779543E-01	  0.324875309679026E+01	
  0.809538254627247E-12	
  0.970000000000000E+04	  0.152731937909934E+04	  0.412280641355884E+02	  0.408206095140272E+02	  0.456950636269782E+02	  0.234888293366032E-01	  0.980297960812449E+04	  0.187497213301495E+00	  0.567481889548670E-01	 -0.198152198703722E-01	 -0.328413069360270E+01	  0.923621385840309E+03	 -0.364820800959285E-01	  0.220119266214807E-03	 -0.619052678809064E-01	  0.328419047188221E+01	 -0.198152198712826E-01	 -0.328416092272887E+01	  0.923621385732822E+03	 -0.364820800959311E-01	  0.220117240132663E-03	 -0.619052678881105E-01	  0.328422070045816E+01	
  0.106588854672819E-11	
  0.980000000000000E+04	  0.152736499711402E+04	  0.412349265016328E+02	  0.408272178465864E+02	  0.456931148192817E+02	  0.235673011802520E-01	  0.980305657788327E+04	  0.187361376250228E+00	  0.569186642471511E-01	 -0.200969449925350E-01	 -0.331960774424343E+01	  0.933017190878345E+03	 -0.368760925434394E-01	  0.223248305366885E-03	 -0.627461413310638E-01	  0.331966857725873E+01	 -0.200969449924015E-01	 -0.331963850367786E+01	  0.933017190768905E+03	 -0.368760925434387E-01	  0.223246236769192E-03	 -0.627461413384238E-01	  0.331969933612949E+01	
  0.208238536802239E-12	
  0.990000000000000E+04	  0.152741044333763E+04	  0.412417614145532E+02	  0.408338010449152E+02	  0.456911974331456E+02	  0.236450294328053E-01	  0.980313381586179E+04	  0.187226480729582E+00	  0.570880360250076E-01	 -0.203797375293799E-01	 -0.335510015945389E+01	  0.942410967502390E+03	 -0.372702741091441E-01	  0.226389188964193E-03	 -0.635896558961994E-01	  0.335516205475522E+01	 -0.203797375289522E-01	 -0.335513145292001E+01	  0.942410967390981E+03	 -0.372702741091491E-01	  0.226387077417043E-03	 -0.635896559037168E-01	  0.335519334764405E+01	
  0.431369110696490E-12	
  0.100000000000000E+05	  0.152745578332670E+04	  0.412485515558296E+02	  0.408403772785069E+02	  0.456893244201451E+02	  0.237138640843033E-01	  0.980321133785097E+04	  0.187092475816775E+00	  0.572557316770808E-01	 -0.206617983311620E-01	 -0.339031261967352E+01	  0.951802724556379E+03	 -0.376613442352994E-01	  0.229521931091169E-03	 -0.644358125469267E-01	  0.339037557934631E+01	 -0.206617983313241E-01	 -0.339034444811022E+01	  0.951802724443006E+03	 -0.376613442352996E-01	  0.229519776349001E-03	 -0.644358125546020E-01	  0.339040740719196E+01	
  0.342034120596082E-12	
